print EC test result
Totol number of points: 86
P0: 
0.000116067
   0.749118
    1.99761
P1: 
0.000429277
    0.70465
   0.842783
P2: 
0.000548385
    1.35229
   0.244768
P3: 
0.000745213
   0.997701
   0.508409
P4: 
0.00102607
  0.542656
   1.30896
P5: 
0.00106098
  0.584813
  0.998867
P6: 
0.00109402
  0.565953
   1.14778
P7: 
0.00126632
  0.811465
  0.141227
P8: 
0.00153277
  0.155197
  0.644004
P9: 
0.00251509
   1.19362
0.00747682
P10: 
0.00282631
  0.139584
  0.714415
P11: 
0.00337244
  0.929406
  0.117741
P12: 
0.00374871
  0.113824
   1.72851
P13: 
0.00380852
  0.543666
  0.050807
P14: 
0.00475041
   1.09542
  0.011411
P15: 
0.00584084
 0.0493758
   1.66776
P16: 
0.00638244
   1.06571
 0.0192279
P17: 
0.00684675
   1.95828
0.00515014
P18: 
0.00707272
 0.0181695
   1.66215
P19: 
0.00960597
   1.14094
0.00641895
P20: 
0.0100104
 0.494327
 0.430064
P21: 
0.0106705
 0.120068
 0.203985
P22: 
0.0107691
0.0760834
  1.25934
P23: 
0.0143438
0.0328289
 0.846616
P24: 
0.0172186
 0.393819
 0.120622
P25: 
 0.018279
0.0837601
 0.820641
P26: 
0.0207938
 0.106645
 0.697286
P27: 
0.022014
0.115393
0.450711
P28: 
0.023412
0.532158
0.116809
P29: 
0.0244707
 0.420716
 0.120197
P30: 
0.0249005
 0.085525
  0.22453
P31: 
 0.0285099
   1.58334
0.00591418
P32: 
0.0293155
0.0162742
 0.777451
P33: 
 0.030921
 0.433519
0.0913129
P34: 
0.0312278
 0.150565
  0.19526
P35: 
0.0321346
 0.651072
 0.034568
P36: 
 0.032136
0.0425939
 0.754216
P37: 
 0.0348777
   1.54638
0.00470882
P38: 
0.0372207
0.0312448
 0.467749
P39: 
0.0421444
 0.299183
0.0389107
P40: 
  0.044205
   1.21408
0.00220358
P41: 
0.0511697
 0.103361
 0.126138
P42: 
 0.051772
 0.326907
0.0354016
P43: 
0.0540019
0.0528022
 0.170727
P44: 
0.0544496
  1.63326
0.0012948
P45: 
0.0546758
0.0101421
  1.31884
P46: 
 0.0577712
  0.538453
0.00959517
P47: 
0.0599481
 0.010495
 0.803365
P48: 
 0.0642949
0.00360887
   1.88883
P49: 
0.0646309
 0.196508
0.0831797
P50: 
0.0650922
0.0364022
 0.157927
P51: 
 0.0659274
 0.0524605
0.00626368
P52: 
 0.0665629
0.00785257
   1.74523
P53: 
  0.072052
0.00520942
   0.94314
P54: 
0.0812834
0.0231051
 0.514926
P55: 
0.0833376
0.0014357
 0.573543
P56: 
0.0972623
0.0398945
 0.013969
P57: 
   0.128621
0.000367334
    1.66002
P58: 
   0.13083
   1.18895
0.00465928
P59: 
 0.150568
0.0133899
 0.108362
P60: 
  0.152332
0.00567495
  0.449063
P61: 
 0.177991
0.0171244
0.0341665
P62: 
  0.181198
0.00905588
 0.0825121
P63: 
  0.239956
  0.851565
0.00285831
P64: 
  0.257735
0.00717524
   0.32277
P65: 
  0.285007
0.00712405
  0.439743
P66: 
  0.290783
  0.425789
0.00525613
P67: 
   0.328918
   0.212318
0.000986558
P68: 
  0.347509
  0.152282
0.00326547
P69: 
  0.392619
0.00564034
  0.509796
P70: 
 0.398657
0.0822264
0.0021887
P71: 
  0.445793
0.00261337
  0.568744
P72: 
  0.472345
 0.0722987
0.00392032
P73: 
   0.503413
   0.056629
0.000672022
P74: 
  0.606476
0.00565514
   0.11212
P75: 
    0.69747
  0.0592372
0.000432342
P76: 
   0.789916
0.000243417
  0.0413111
P77: 
   0.830446
    1.52065
0.000188151
P78: 
     0.8463
3.31122e-05
    0.34047
P79: 
    1.22377
    1.16573
2.60537e-05
P80: 
   1.2874
0.0118441
0.0379505
P81: 
  1.31111
0.0461867
0.0104542
P82: 
    1.35027
   0.779008
8.64305e-05
P83: 
    1.40075
   0.015103
0.000712915
P84: 
   1.68185
0.00989334
 0.0370968
P85: 
    1.74594
   0.525756
5.68936e-05
