print Q2 test result
Totol number of points: 169
P0: 
2.95751e-05
    0.78146
    1.05176
    1.06106
P1: 
0.000185457
   0.318694
   0.134356
    1.39552
P2: 
0.000247225
   0.297061
    1.34367
    1.44796
P3: 
0.000577789
   0.114125
   0.248179
    1.86609
P4: 
0.000581668
   0.402926
    1.42814
   0.205741
P5: 
0.000659941
   0.257623
    1.57136
   0.405675
P6: 
0.00120835
  0.578381
  0.846764
  0.796476
P7: 
0.00147987
  0.371353
  0.466448
 0.0753397
P8: 
0.00207096
   0.17136
  0.970301
  0.636995
P9: 
0.00386257
   1.20105
  0.050184
   1.90817
P10: 
0.00445741
 0.0697863
   1.05639
   1.03826
P11: 
0.00479915
  0.745084
 0.0585991
   0.73853
P12: 
0.00509186
   1.50339
 0.0987961
  0.670271
P13: 
0.00514842
  0.243191
  0.498032
   1.63631
P14: 
0.00521718
   1.77286
 0.0202409
  0.802777
P15: 
0.00548121
  0.241991
  0.723534
   1.42723
P16: 
0.0058526
0.0286102
 0.037715
0.0937092
P17: 
0.00610516
   1.41315
 0.0287009
  0.309835
P18: 
0.00956435
  0.020489
  0.790516
  0.110402
P19: 
  0.0105134
    1.34178
0.000557184
   0.279112
P20: 
 0.0134951
  0.358695
0.00964934
  0.450372
P21: 
  0.0136283
   0.766907
    0.28996
0.000209809
P22: 
0.0211156
 0.319207
0.0101202
 0.269359
P23: 
 0.0214521
  0.729027
  0.265081
0.00596494
P24: 
0.0224923
0.0106541
  1.09058
  1.29721
P25: 
0.0247182
0.0222152
 0.261582
 0.388145
P26: 
0.0250083
0.0180347
 0.212431
  1.35075
P27: 
0.0256889
  0.68206
 0.330568
0.0818783
P28: 
0.0312834
   0.2198
  1.84172
0.0858099
P29: 
 0.0379877
  0.438746
0.00233027
  0.421658
P30: 
0.0388117
0.0892002
 0.163195
0.0500844
P31: 
0.0466563
 0.946675
0.0466514
0.0640517
P32: 
  0.050607
0.00916909
   1.68911
   0.92573
P33: 
0.0513888
 0.878894
0.0162242
 0.221128
P34: 
 0.0554979
0.00074469
  0.993606
   1.92729
P35: 
0.0557148
0.0112207
 0.627495
  1.91554
P36: 
 0.0557608
0.00440262
  0.695832
   1.08293
P37: 
0.0653471
 0.195926
   0.1045
0.0423273
P38: 
0.0664958
 0.486227
0.0749943
0.0867182
P39: 
0.0765233
 0.393323
   1.2876
 0.019325
P40: 
0.0876789
 0.235166
0.0141073
  1.85176
P41: 
0.0947432
0.0159696
 0.114612
  1.56726
P42: 
  0.0954151
   0.168543
    1.80059
0.000518108
P43: 
 0.103807
 0.215386
0.0120351
 0.338011
P44: 
 0.107447
0.0821265
 0.162775
0.0144433
P45: 
  0.115546
0.00976434
   0.40528
  0.324124
P46: 
  0.125352
  0.137524
  0.466735
0.00248593
P47: 
  0.13582
 0.811724
0.0379004
0.0113781
P48: 
  0.13641
0.0174131
0.0663822
  1.16248
P49: 
 0.138828
 0.810879
0.0368146
 0.212808
P50: 
  0.139452
  0.660644
0.00166841
   1.43489
P51: 
  0.158202
0.00824075
   1.63167
   1.00951
P52: 
    0.1631
  0.354507
0.00687742
 0.0620006
P53: 
  0.180736
  0.429595
0.00646209
  0.238758
P54: 
 0.199564
  1.33356
0.0120052
0.0524594
P55: 
 0.201142
 0.159273
0.0231984
  1.33553
P56: 
  0.203144
  0.866176
  0.246669
0.00115659
P57: 
  0.206544
  0.144285
0.00286207
   1.95259
P58: 
  0.210151
0.00223038
   1.14454
   1.33405
P59: 
 0.216971
 0.267831
0.0730458
0.0388674
P60: 
 0.232284
0.0144821
 0.245347
  1.13013
P61: 
 0.236734
0.0131184
 0.325917
  1.67816
P62: 
  0.237697
 0.0589636
  0.633164
0.00743953
P63: 
 0.238853
 0.188207
0.0161739
  1.92056
P64: 
 0.241633
 0.686218
0.0439095
0.0196007
P65: 
   0.25589
  0.899512
0.00226424
   0.53363
P66: 
0.262094
0.012964
 1.77069
0.224798
P67: 
  0.265596
  0.594583
0.00202746
  0.756219
P68: 
  0.26639
  1.91721
 0.146088
0.0048745
P69: 
 0.270108
0.0127835
 0.708556
 0.265308
P70: 
 0.276363
0.0161128
 0.316939
 0.251373
P71: 
  0.288814
0.00797862
  0.912829
  0.729157
P72: 
  0.289024
0.00200695
   0.14699
  0.821902
P73: 
 0.292347
 0.446454
 0.109458
0.0117136
P74: 
  0.294412
  0.717376
0.00527655
  0.167046
P75: 
 0.298117
 0.131097
0.0173916
 0.264255
P76: 
    0.30675
   0.298397
    1.11867
0.000811182
P77: 
  0.306882
   1.13641
0.00128629
   1.83981
P78: 
   0.314614
   0.929578
0.000821202
    1.81772
P79: 
   0.327668
0.000777313
  0.0703855
   0.769694
P80: 
  0.329763
0.00549956
  0.452973
  0.476898
P81: 
  0.335064
    1.3447
  0.218958
0.00251443
P82: 
 0.341305
0.0410769
 0.680595
0.0423014
P83: 
 0.385366
0.0201345
  1.11375
 0.242491
P84: 
   0.385593
   0.853871
3.46638e-06
    1.26433
P85: 
 0.387895
 0.309477
0.0752516
0.0162525
P86: 
  0.39071
  1.59237
0.0267115
0.0508368
P87: 
 0.393995
0.0840671
0.0181071
 0.314366
P88: 
  0.395244
0.00510991
   1.86442
  0.703682
P89: 
  0.405091
0.00910644
  0.258139
  0.305676
P90: 
 0.406017
0.0270493
 0.192702
 0.468176
P91: 
 0.457497
 0.910119
0.0109667
0.0212507
P92: 
 0.484759
 0.189431
0.0956516
0.0884612
P93: 
  0.488467
  0.864416
  0.124048
0.00567877
P94: 
  0.493725
0.00863634
   0.32678
  0.374549
P95: 
 0.511935
0.0237971
 0.469751
 0.163226
P96: 
   0.515751
   0.916277
0.000561417
   0.750936
P97: 
  0.515908
0.00336294
  0.140633
  0.222883
P98: 
   0.529757
    1.73067
0.000129753
   0.839377
P99: 
 0.563357
 0.039061
0.0242321
 0.438459
P100: 
 0.569887
0.0223482
  1.73067
0.0966875
P101: 
  0.586343
  0.369155
0.00565559
   1.80154
P102: 
 0.594847
0.0158584
  1.15143
0.0756671
P103: 
  0.59668
0.0201158
  1.39452
0.0213553
P104: 
    0.60108
    1.40358
   0.129471
0.000241963
P105: 
 0.605806
0.0273857
  0.05257
  1.35737
P106: 
 0.635347
 0.150845
0.0256747
0.0178212
P107: 
   0.638438
   0.296397
   0.571072
0.000711197
P108: 
 0.651875
0.0839182
  0.01357
 0.851997
P109: 
   0.678021
0.000196905
   0.847789
    1.51728
P110: 
 0.686471
 0.013434
0.0323935
  1.77689
P111: 
  0.707678
0.00897568
 0.0107982
  0.364948
P112: 
  0.708138
0.00360394
   1.22289
  0.172224
P113: 
  0.727888
0.00759803
  0.054623
   1.90948
P114: 
 0.728053
 0.145531
  0.12643
0.0124715
P115: 
  0.73504
 0.245525
0.0072869
 0.709888
P116: 
   0.742718
    1.75855
0.000949387
   0.135879
P117: 
0.767563
0.075025
0.464196
 0.07758
P118: 
   0.785373
0.000269787
   0.789969
    1.16356
P119: 
  0.785433
   1.60908
0.00103452
  0.225791
P120: 
 0.789808
0.0482077
0.0469619
0.0877077
P121: 
  0.803971
0.00283979
  0.742359
  0.241712
P122: 
  0.808025
0.00289111
  0.233882
  0.761236
P123: 
   0.821877
   0.329294
0.000691829
   0.790009
P124: 
 0.821977
0.0366501
  1.79293
0.0157548
P125: 
  0.840261
   1.72168
0.00303571
  0.106174
P126: 
   0.898705
    1.02045
    1.12848
0.000204419
P127: 
  0.921264
0.00875108
 0.0161703
 0.0760041
P128: 
  0.963515
0.00692848
  0.786806
 0.0363452
P129: 
 0.990669
 0.135025
 0.044264
0.0708382
P130: 
   1.01296
  0.799896
  0.209032
0.00971735
P131: 
   1.0171
 0.578054
 0.331215
0.0104702
P132: 
  1.02047
 0.187612
0.0136565
 0.259747
P133: 
   1.03305
0.00505828
 0.0237005
   1.15653
P134: 
  1.03409
0.0516029
 0.618736
  0.02888
P135: 
   1.05426
  0.462015
0.00177782
  0.599408
P136: 
    1.0546
  0.826775
   0.12237
0.00569803
P137: 
   1.11383
 0.0564376
  0.234296
0.00727477
P138: 
    1.11767
0.000358872
   0.406685
   0.701818
P139: 
 1.14454
 1.49363
0.003613
0.200056
P140: 
    1.16648
0.000160766
    1.57395
    1.36208
P141: 
    1.20344
   0.372692
     1.0368
0.000518481
P142: 
  1.22244
0.0309087
 0.744733
0.0161966
P143: 
   1.24796
   1.30447
 0.0981345
0.00345358
P144: 
   1.3568
0.0332578
  1.74318
0.0106062
P145: 
   1.37636
  0.252563
0.00536141
  0.234489
P146: 
   1.37707
   1.02791
 0.0214694
0.00523467
P147: 
    1.41608
    1.53996
0.000717349
   0.172414
P148: 
    1.41723
    1.81393
   0.228398
9.37553e-05
P149: 
    1.41796
  0.0658661
0.000596745
    1.36642
P150: 
      1.44
0.00181077
   1.92595
   0.70053
P151: 
    1.4541
  0.248479
  0.203577
0.00448029
P152: 
  1.49905
0.0936797
0.0773008
  0.03603
P153: 
     1.518
0.00454987
 0.0459663
  0.487777
P154: 
  1.51888
  1.16159
0.0048973
 0.372092
P155: 
   1.53294
  0.296275
 0.0158964
0.00106955
P156: 
   1.61907
 0.0424612
0.00790028
   1.67148
P157: 
    1.64527
   0.857328
0.000551712
     1.1787
P158: 
   1.66195
  0.171911
   0.33153
0.00123616
P159: 
   1.71809
0.00476033
 0.0652942
  0.215297
P160: 
   1.74342
0.00268161
  0.473166
  0.512678
P161: 
   1.76389
0.00259173
  0.103814
  0.321785
P162: 
  1.79985
0.0231677
 0.624001
0.0420248
P163: 
    1.82626
    1.09457
   0.196779
6.23986e-06
P164: 
    1.83722
   0.188227
0.000807051
    0.28957
P165: 
    1.8919
0.00572432
  0.837711
  0.173446
P166: 
  1.90623
0.0117511
 0.203922
0.0308089
P167: 
  1.93715
 0.120906
0.0188046
0.0208966
P168: 
   1.98122
  0.220186
0.00915131
  0.241897
